6.897265625000000000e+01
1.194531250000000000e+02
6.897265625000000000e+01
1.378281250000000000e+02
7.005859375000000000e+01
1.577343750000000000e+02
7.331640625000000000e+01
1.761093750000000000e+02
7.983203125000000000e+01
1.929531250000000000e+02
8.960546875000000000e+01
2.052031250000000000e+02
1.004648437500000000e+02
2.159218750000000000e+02
1.124101562500000000e+02
2.266406250000000000e+02
1.265273437500000000e+02
2.281718750000000000e+02
1.417304687500000000e+02
2.281718750000000000e+02
1.580195312500000000e+02
2.266406250000000000e+02
1.721367187500000000e+02
2.174531250000000000e+02
1.829960937500000000e+02
2.067343750000000000e+02
1.895117187500000000e+02
1.883593750000000000e+02
1.949414062500000000e+02
1.699843750000000000e+02
1.981992187500000000e+02
1.500781250000000000e+02
1.981992187500000000e+02
1.225156250000000000e+02
7.223046875000000000e+01
1.117968750000000000e+02
8.091796875000000000e+01
1.041406250000000000e+02
9.069140625000000000e+01
1.056718750000000000e+02
1.004648437500000000e+02
1.079687500000000000e+02
1.096953125000000000e+02
1.102656250000000000e+02
1.395585937500000000e+02
1.102656250000000000e+02
1.504179687500000000e+02
1.072031250000000000e+02
1.634492187500000000e+02
1.049062500000000000e+02
1.753945312500000000e+02
1.056718750000000000e+02
1.862539062500000000e+02
1.117968750000000000e+02
1.254414062500000000e+02
1.240468750000000000e+02
1.254414062500000000e+02
1.378281250000000000e+02
1.254414062500000000e+02
1.516093750000000000e+02
1.243554687500000000e+02
1.669218750000000000e+02
1.113242187500000000e+02
1.684531250000000000e+02
1.189257812500000000e+02
1.715156250000000000e+02
1.265273437500000000e+02
1.745781250000000000e+02
1.341289062500000000e+02
1.715156250000000000e+02
1.417304687500000000e+02
1.699843750000000000e+02
8.308984375000000000e+01
1.225156250000000000e+02
8.851953125000000000e+01
1.179218750000000000e+02
1.037226562500000000e+02
1.179218750000000000e+02
1.102382812500000000e+02
1.255781250000000000e+02
1.026367187500000000e+02
1.271093750000000000e+02
8.851953125000000000e+01
1.255781250000000000e+02
1.460742187500000000e+02
1.255781250000000000e+02
1.525898437500000000e+02
1.194531250000000000e+02
1.677929687500000000e+02
1.194531250000000000e+02
1.743085937500000000e+02
1.255781250000000000e+02
1.677929687500000000e+02
1.301718750000000000e+02
1.536757812500000000e+02
1.286406250000000000e+02
1.015507812500000000e+02
1.837656250000000000e+02
1.113242187500000000e+02
1.837656250000000000e+02
1.210976562500000000e+02
1.852968750000000000e+02
1.254414062500000000e+02
1.852968750000000000e+02
1.297851562500000000e+02
1.852968750000000000e+02
1.439023437500000000e+02
1.868281250000000000e+02
1.569335937500000000e+02
1.852968750000000000e+02
1.471601562500000000e+02
1.960156250000000000e+02
1.373867187500000000e+02
2.006093750000000000e+02
1.254414062500000000e+02
2.006093750000000000e+02
1.156679687500000000e+02
1.990781250000000000e+02
1.080664062500000000e+02
1.929531250000000000e+02
1.037226562500000000e+02
1.852968750000000000e+02
1.145820312500000000e+02
1.898906250000000000e+02
1.254414062500000000e+02
1.914218750000000000e+02
1.406445312500000000e+02
1.914218750000000000e+02
1.558476562500000000e+02
1.868281250000000000e+02
1.406445312500000000e+02
1.898906250000000000e+02
1.265273437500000000e+02
1.914218750000000000e+02
1.134960937500000000e+02
1.898906250000000000e+02
