5.655468750000000000e+01
1.218906250000000000e+02
5.541406250000000000e+01
1.442031250000000000e+02
5.655468750000000000e+01
1.681093750000000000e+02
5.997656250000000000e+01
1.936093750000000000e+02
7.252343750000000000e+01
2.111406250000000000e+02
8.392968750000000000e+01
2.286718750000000000e+02
9.875781250000000000e+01
2.382343750000000000e+02
1.158671875000000000e+02
2.430156250000000000e+02
1.318359375000000000e+02
2.430156250000000000e+02
1.466640625000000000e+02
2.430156250000000000e+02
1.603515625000000000e+02
2.350468750000000000e+02
1.706171875000000000e+02
2.207031250000000000e+02
1.797421875000000000e+02
2.015781250000000000e+02
1.831640625000000000e+02
1.824531250000000000e+02
1.854453125000000000e+02
1.617343750000000000e+02
1.877265625000000000e+02
1.426093750000000000e+02
1.877265625000000000e+02
1.218906250000000000e+02
7.366406250000000000e+01
1.091406250000000000e+02
8.392968750000000000e+01
1.043593750000000000e+02
9.476562500000000000e+01
1.027656250000000000e+02
1.061718750000000000e+02
1.035625000000000000e+02
1.164375000000000000e+02
1.051562500000000000e+02
1.455234375000000000e+02
1.051562500000000000e+02
1.552187500000000000e+02
1.027656250000000000e+02
1.637734375000000000e+02
1.019687500000000000e+02
1.728984375000000000e+02
1.035625000000000000e+02
1.808828125000000000e+02
1.091406250000000000e+02
1.329765625000000000e+02
1.202968750000000000e+02
1.341171875000000000e+02
1.330468750000000000e+02
1.363984375000000000e+02
1.442031250000000000e+02
1.375390625000000000e+02
1.553593750000000000e+02
1.147265625000000000e+02
1.633281250000000000e+02
1.238515625000000000e+02
1.649218750000000000e+02
1.352578125000000000e+02
1.681093750000000000e+02
1.432421875000000000e+02
1.649218750000000000e+02
1.512265625000000000e+02
1.633281250000000000e+02
8.507031250000000000e+01
1.234843750000000000e+02
9.077343750000000000e+01
1.187031250000000000e+02
1.044609375000000000e+02
1.171093750000000000e+02
1.113046875000000000e+02
1.218906250000000000e+02
1.044609375000000000e+02
1.234843750000000000e+02
9.077343750000000000e+01
1.250781250000000000e+02
1.478046875000000000e+02
1.218906250000000000e+02
1.535078125000000000e+02
1.171093750000000000e+02
1.660546875000000000e+02
1.187031250000000000e+02
1.717578125000000000e+02
1.218906250000000000e+02
1.660546875000000000e+02
1.250781250000000000e+02
1.546484375000000000e+02
1.250781250000000000e+02
8.849218750000000000e+01
1.856406250000000000e+02
1.067421875000000000e+02
1.808593750000000000e+02
1.272734375000000000e+02
1.792656250000000000e+02
1.329765625000000000e+02
1.792656250000000000e+02
1.386796875000000000e+02
1.792656250000000000e+02
1.512265625000000000e+02
1.792656250000000000e+02
1.626328125000000000e+02
1.856406250000000000e+02
1.546484375000000000e+02
1.967968750000000000e+02
1.455234375000000000e+02
2.031718750000000000e+02
1.329765625000000000e+02
2.063593750000000000e+02
1.170078125000000000e+02
2.047656250000000000e+02
1.010390625000000000e+02
1.983906250000000000e+02
9.077343750000000000e+01
1.856406250000000000e+02
1.101640625000000000e+02
1.856406250000000000e+02
1.329765625000000000e+02
1.856406250000000000e+02
1.478046875000000000e+02
1.840468750000000000e+02
1.614921875000000000e+02
1.856406250000000000e+02
1.478046875000000000e+02
1.952031250000000000e+02
1.329765625000000000e+02
1.983906250000000000e+02
1.090234375000000000e+02
1.967968750000000000e+02
