6.485156250000000000e+01
1.214570312500000000e+02
6.485156250000000000e+01
1.443085937500000000e+02
6.592968750000000000e+01
1.641132812500000000e+02
6.916406250000000000e+01
1.839179687500000000e+02
7.455468750000000000e+01
2.037226562500000000e+02
8.317968750000000000e+01
2.189570312500000000e+02
9.611718750000000000e+01
2.296210937500000000e+02
1.112109375000000000e+02
2.341914062500000000e+02
1.263046875000000000e+02
2.341914062500000000e+02
1.424765625000000000e+02
2.341914062500000000e+02
1.597265625000000000e+02
2.326679687500000000e+02
1.737421875000000000e+02
2.250507812500000000e+02
1.856015625000000000e+02
2.113398437500000000e+02
1.931484375000000000e+02
1.930585937500000000e+02
1.942265625000000000e+02
1.702070312500000000e+02
1.942265625000000000e+02
1.458320312500000000e+02
1.942265625000000000e+02
1.229804687500000000e+02
7.455468750000000000e+01
1.016523437500000000e+02
8.264062500000000000e+01
9.327343750000000000e+01
9.180468750000000000e+01
9.327343750000000000e+01
1.015078125000000000e+02
9.784375000000000000e+01
1.106718750000000000e+02
1.024140625000000000e+02
1.451718750000000000e+02
1.024140625000000000e+02
1.559531250000000000e+02
9.632031250000000000e+01
1.672734375000000000e+02
9.251171875000000000e+01
1.769765625000000000e+02
9.555859375000000000e+01
1.845234375000000000e+02
1.062226562500000000e+02
1.263046875000000000e+02
1.199335937500000000e+02
1.252265625000000000e+02
1.321210937500000000e+02
1.252265625000000000e+02
1.458320312500000000e+02
1.241484375000000000e+02
1.595429687500000000e+02
1.112109375000000000e+02
1.656367187500000000e+02
1.176796875000000000e+02
1.671601562500000000e+02
1.252265625000000000e+02
1.686835937500000000e+02
1.327734375000000000e+02
1.686835937500000000e+02
1.403203125000000000e+02
1.671601562500000000e+02
8.317968750000000000e+01
1.214570312500000000e+02
8.857031250000000000e+01
1.153632812500000000e+02
1.047421875000000000e+02
1.138398437500000000e+02
1.112109375000000000e+02
1.214570312500000000e+02
1.036640625000000000e+02
1.245039062500000000e+02
8.857031250000000000e+01
1.245039062500000000e+02
1.446328125000000000e+02
1.214570312500000000e+02
1.511015625000000000e+02
1.153632812500000000e+02
1.672734375000000000e+02
1.168867187500000000e+02
1.726640625000000000e+02
1.214570312500000000e+02
1.661953125000000000e+02
1.245039062500000000e+02
1.521796875000000000e+02
1.245039062500000000e+02
9.827343750000000000e+01
1.915351562500000000e+02
1.090546875000000000e+02
1.869648437500000000e+02
1.219921875000000000e+02
1.869648437500000000e+02
1.252265625000000000e+02
1.884882812500000000e+02
1.295390625000000000e+02
1.869648437500000000e+02
1.435546875000000000e+02
1.884882812500000000e+02
1.575703125000000000e+02
1.900117187500000000e+02
1.467890625000000000e+02
1.961054687500000000e+02
1.370859375000000000e+02
2.021992187500000000e+02
1.263046875000000000e+02
2.021992187500000000e+02
1.155234375000000000e+02
2.006757812500000000e+02
1.068984375000000000e+02
1.976289062500000000e+02
1.004296875000000000e+02
1.915351562500000000e+02
1.122890625000000000e+02
1.915351562500000000e+02
1.252265625000000000e+02
1.930585937500000000e+02
1.403203125000000000e+02
1.930585937500000000e+02
1.564921875000000000e+02
1.915351562500000000e+02
1.403203125000000000e+02
1.915351562500000000e+02
1.263046875000000000e+02
1.930585937500000000e+02
1.122890625000000000e+02
1.915351562500000000e+02
